0.001	9.980020E-01
0.002	9.960080E-01
0.003	9.940180E-01
0.004	9.920319E-01
0.005	9.900498E-01
0.006	9.880717E-01
0.007	9.860975E-01
0.008	9.841273E-01
0.009	9.821610E-01
0.010	9.801987E-01
0.020	9.607894E-01
0.030	9.417645E-01
0.040	9.231163E-01
0.050	9.048374E-01
0.060	8.869204E-01
0.070	8.693582E-01
0.080	8.521438E-01
0.090	8.352702E-01
0.100	8.187308E-01
0.110	8.025188E-01
0.120	7.866279E-01
0.130	7.710516E-01
0.140	7.557837E-01
0.150	7.408182E-01
0.160	7.261490E-01
0.170	7.117703E-01
0.180	6.976763E-01
0.190	6.838614E-01
0.200	6.703200E-01
0.210	6.570468E-01
0.220	6.440364E-01
0.230	6.312836E-01
0.240	6.187834E-01
0.250	6.065307E-01
0.260	5.945205E-01
0.270	5.827483E-01
0.280	5.712091E-01
0.290	5.598984E-01
0.300	5.488116E-01
0.310	5.379444E-01
0.320	5.272924E-01
0.330	5.168513E-01
0.340	5.066170E-01
0.350	4.965853E-01
0.360	4.867523E-01
0.370	4.771139E-01
0.380	4.676664E-01
0.390	4.584060E-01
0.400	4.493290E-01
0.410	4.404317E-01
0.420	4.317105E-01
0.430	4.231621E-01
0.440	4.147829E-01
0.450	4.065697E-01
0.460	3.985190E-01
0.470	3.906278E-01
0.480	3.828929E-01
0.490	3.753111E-01
0.500	3.678794E-01
0.510	3.605949E-01
0.520	3.534547E-01
0.530	3.464558E-01
0.540	3.395955E-01
0.550	3.328711E-01
0.560	3.262798E-01
0.570	3.198190E-01
0.580	3.134862E-01
0.590	3.072787E-01
0.600	3.011942E-01
0.610	2.952302E-01
0.620	2.893842E-01
0.630	2.836540E-01
0.640	2.780373E-01
0.650	2.725318E-01
0.660	2.671353E-01
0.670	2.618457E-01
0.680	2.566608E-01
0.690	2.515786E-01
0.700	2.465970E-01
0.710	2.417140E-01
0.720	2.369278E-01
0.730	2.322363E-01
0.740	2.276377E-01
0.750	2.231302E-01
0.760	2.187408E-01
0.770	2.144935E-01
0.780	2.103818E-01
0.790	2.063999E-01
0.800	2.025420E-01
0.810	1.988029E-01
0.820	1.951773E-01
0.830	1.916607E-01
0.840	1.882484E-01
0.850	1.849361E-01
0.860	1.817199E-01
0.870	1.785958E-01
0.880	1.755602E-01
0.890	1.726097E-01
0.900	1.697409E-01
0.910	1.669506E-01
0.920	1.642360E-01
0.930	1.615942E-01
0.940	1.590224E-01
0.950	1.565182E-01
0.960	1.540790E-01
0.970	1.517024E-01
0.980	1.493864E-01
0.990	1.471287E-01
1.000	1.449273E-01
1.010	1.427802E-01
1.020	1.406857E-01
1.030	1.386418E-01
1.040	1.366470E-01
1.050	1.346996E-01
1.060	1.327980E-01
1.070	1.309407E-01
1.080	1.291263E-01
1.090	1.273534E-01
1.100	1.256207E-01
1.110	1.239269E-01
1.120	1.222709E-01
1.130	1.206514E-01
1.140	1.190674E-01
1.150	1.175177E-01
1.160	1.160014E-01
1.170	1.145174E-01
1.180	1.130647E-01
1.190	1.116425E-01
1.200	1.102499E-01
1.210	1.088860E-01
1.220	1.075500E-01
1.230	1.062411E-01
1.240	1.049585E-01
1.250	1.037015E-01
1.260	1.024694E-01
1.270	1.012616E-01
1.280	1.000772E-01
1.290	9.891579E-02
1.300	9.777665E-02
1.310	9.665921E-02
1.320	9.556289E-02
1.330	9.448714E-02
1.340	9.343143E-02
1.350	9.239522E-02
1.360	9.137803E-02
1.370	9.037937E-02
1.380	8.939877E-02
1.390	8.843577E-02
1.400	8.748994E-02
1.410	8.656085E-02
1.420	8.564808E-02
1.430	8.475125E-02
1.440	8.386996E-02
1.450	8.300384E-02
1.460	8.215252E-02
1.470	8.131566E-02
1.480	8.049290E-02
1.490	7.968393E-02
1.500	7.888842E-02
1.510	7.810606E-02
1.520	7.733655E-02
1.530	7.657959E-02
1.540	7.583490E-02
1.550	7.510219E-02
1.560	7.438122E-02
1.570	7.367170E-02
1.580	7.297339E-02
1.590	7.228605E-02
1.600	7.160943E-02
1.610	7.094330E-02
1.620	7.028743E-02
1.630	6.964160E-02
1.640	6.900561E-02
1.650	6.837924E-02
1.660	6.776228E-02
1.670	6.715455E-02
1.680	6.655585E-02
1.690	6.596599E-02
1.700	6.538480E-02
1.710	6.481209E-02
1.720	6.424769E-02
1.730	6.369143E-02
1.740	6.314316E-02
1.750	6.260271E-02
1.760	6.206992E-02
1.770	6.154465E-02
1.780	6.102674E-02
1.790	6.051606E-02
1.800	6.001246E-02
1.810	5.951580E-02
1.820	5.902596E-02
1.830	5.854281E-02
1.840	5.806620E-02
1.850	5.759603E-02
1.860	5.713217E-02
1.870	5.667451E-02
1.880	5.622292E-02
1.890	5.577730E-02
1.900	5.533753E-02
1.910	5.490351E-02
1.920	5.447514E-02
1.930	5.405230E-02
1.940	5.363491E-02
1.950	5.322287E-02
1.960	5.281607E-02
1.970	5.241443E-02
1.980	5.201785E-02
1.990	5.162625E-02
2.000	5.123953E-02
2.010	5.085763E-02
2.020	5.048044E-02
2.030	5.010789E-02
2.040	4.973990E-02
2.050	4.937640E-02
2.060	4.901730E-02
2.070	4.866253E-02
2.080	4.831202E-02
2.090	4.796570E-02
2.100	4.762349E-02
2.110	4.728534E-02
2.120	4.695117E-02
2.130	4.662091E-02
2.140	4.629451E-02
2.150	4.597190E-02
2.160	4.565302E-02
2.170	4.533781E-02
2.180	4.502621E-02
2.190	4.471817E-02
2.200	4.441362E-02
2.210	4.411251E-02
2.220	4.381479E-02
2.230	4.352040E-02
2.240	4.322929E-02
2.250	4.294142E-02
2.260	4.265673E-02
2.270	4.237516E-02
2.280	4.209669E-02
2.290	4.182124E-02
2.300	4.154879E-02
2.310	4.127929E-02
2.320	4.101268E-02
2.330	4.074894E-02
2.340	4.048801E-02
2.350	4.022985E-02
2.360	3.997442E-02
2.370	3.972168E-02
2.380	3.947160E-02
2.390	3.922413E-02
2.400	3.897923E-02
2.410	3.873688E-02
2.420	3.849702E-02
2.430	3.825963E-02
2.440	3.802467E-02
2.450	3.779210E-02
2.460	3.756190E-02
2.470	3.733402E-02
2.480	3.710844E-02
2.490	3.688512E-02
2.500	3.666403E-02
2.510	3.644514E-02
2.520	3.622842E-02
2.530	3.601384E-02
2.540	3.580137E-02
2.550	3.559098E-02
2.560	3.538264E-02
2.570	3.517633E-02
2.580	3.497201E-02
2.590	3.476967E-02
2.600	3.456927E-02
2.610	3.437078E-02
2.620	3.417419E-02
2.630	3.397947E-02
2.640	3.378658E-02
2.650	3.359552E-02
2.660	3.340625E-02
2.670	3.321875E-02
2.680	3.303300E-02
2.690	3.284897E-02
2.700	3.266664E-02
2.710	3.248600E-02
2.720	3.230701E-02
2.730	3.212967E-02
2.740	3.195393E-02
2.750	3.177980E-02
2.760	3.160724E-02
2.770	3.143623E-02
2.780	3.126677E-02
2.790	3.109882E-02
2.800	3.093236E-02
2.810	3.076739E-02
2.820	3.060388E-02
2.830	3.044181E-02
2.840	3.028117E-02
2.850	3.012194E-02
2.860	2.996409E-02
2.870	2.980762E-02
2.880	2.965251E-02
2.890	2.949874E-02
2.900	2.934629E-02
2.910	2.919515E-02
2.920	2.904530E-02
2.930	2.889673E-02
2.940	2.874943E-02
2.950	2.860337E-02
2.960	2.845854E-02
2.970	2.831493E-02
2.980	2.817253E-02
2.990	2.803131E-02
3.000	2.789127E-02
3.010	2.775239E-02
3.020	2.761466E-02
3.030	2.747807E-02
3.040	2.734260E-02
3.050	2.720824E-02
3.060	2.707497E-02
3.070	2.694279E-02
3.080	2.681168E-02
3.090	2.668164E-02
3.100	2.655264E-02
3.110	2.642467E-02
3.120	2.629773E-02
3.130	2.617180E-02
3.140	2.604688E-02
3.150	2.592295E-02
3.160	2.579999E-02
3.170	2.567800E-02
3.180	2.555698E-02
3.190	2.543690E-02
3.200	2.531776E-02
3.210	2.519954E-02
3.220	2.508224E-02
3.230	2.496585E-02
3.240	2.485036E-02
3.250	2.473575E-02
3.260	2.462203E-02
3.270	2.450917E-02
3.280	2.439717E-02
3.290	2.428602E-02
3.300	2.417571E-02
3.310	2.406624E-02
3.320	2.395759E-02
3.330	2.384975E-02
3.340	2.374272E-02
3.350	2.363649E-02
3.360	2.353105E-02
3.370	2.342639E-02
3.380	2.332250E-02
3.390	2.321938E-02
3.400	2.311702E-02
3.410	2.301540E-02
3.420	2.291453E-02
3.430	2.281440E-02
3.440	2.271499E-02
3.450	2.261630E-02
3.460	2.251832E-02
3.470	2.242105E-02
3.480	2.232448E-02
3.490	2.222860E-02
3.500	2.213340E-02
3.510	2.203888E-02
3.520	2.194503E-02
3.530	2.185185E-02
3.540	2.175932E-02
3.550	2.166744E-02
3.560	2.157621E-02
3.570	2.148562E-02
3.580	2.139566E-02
3.590	2.130632E-02
3.600	2.121761E-02
3.610	2.112951E-02
3.620	2.104201E-02
3.630	2.095512E-02
3.640	2.086883E-02
3.650	2.078313E-02
3.660	2.069801E-02
3.670	2.061347E-02
3.680	2.052950E-02
3.690	2.044611E-02
3.700	2.036327E-02
3.710	2.028100E-02
3.720	2.019927E-02
3.730	2.011810E-02
3.740	2.003746E-02
3.750	1.995737E-02
3.760	1.987780E-02
3.770	1.979877E-02
3.780	1.972025E-02
3.790	1.964226E-02
3.800	1.956477E-02
3.810	1.948780E-02
3.820	1.941132E-02
3.830	1.933535E-02
3.840	1.925987E-02
3.850	1.918488E-02
3.860	1.911038E-02
3.870	1.903635E-02
3.880	1.896281E-02
3.890	1.888973E-02
3.900	1.881712E-02
3.910	1.874498E-02
3.920	1.867330E-02
3.930	1.860207E-02
3.940	1.853130E-02
3.950	1.846097E-02
3.960	1.839109E-02
3.970	1.832164E-02
3.980	1.825263E-02
3.990	1.818406E-02
4.000	1.811591E-02
4.010	1.804819E-02
4.020	1.798089E-02
4.030	1.791400E-02
4.040	1.784753E-02
4.050	1.778147E-02
4.060	1.771581E-02
4.070	1.765056E-02
4.080	1.758571E-02
4.090	1.752125E-02
4.100	1.745719E-02
4.110	1.739352E-02
4.120	1.733023E-02
4.130	1.726733E-02
4.140	1.720480E-02
4.150	1.714265E-02
4.160	1.708088E-02
4.170	1.701947E-02
4.180	1.695843E-02
4.190	1.689776E-02
4.200	1.683745E-02
4.210	1.677749E-02
4.220	1.671789E-02
4.230	1.665864E-02
4.240	1.659974E-02
4.250	1.654119E-02
4.260	1.648298E-02
4.270	1.642511E-02
4.280	1.636758E-02
4.290	1.631039E-02
4.300	1.625352E-02
4.310	1.619699E-02
4.320	1.614078E-02
4.330	1.608490E-02
4.340	1.602934E-02
4.350	1.597410E-02
4.360	1.591917E-02
4.370	1.586456E-02
4.380	1.581026E-02
4.390	1.575627E-02
4.400	1.570259E-02
4.410	1.564921E-02
4.420	1.559613E-02
4.430	1.554335E-02
4.440	1.549087E-02
4.450	1.543868E-02
4.460	1.538678E-02
4.470	1.533518E-02
4.480	1.528386E-02
4.490	1.523283E-02
4.500	1.518208E-02
4.510	1.513162E-02
4.520	1.508143E-02
4.530	1.503152E-02
4.540	1.498188E-02
4.550	1.493252E-02
4.560	1.488343E-02
4.570	1.483460E-02
4.580	1.478604E-02
4.590	1.473775E-02
4.600	1.468972E-02
4.610	1.464195E-02
4.620	1.459443E-02
4.630	1.454718E-02
4.640	1.450017E-02
4.650	1.445342E-02
4.660	1.440693E-02
4.670	1.436067E-02
4.680	1.431467E-02
4.690	1.426891E-02
4.700	1.422340E-02
4.710	1.417813E-02
4.720	1.413309E-02
4.730	1.408830E-02
4.740	1.404374E-02
4.750	1.399941E-02
4.760	1.395532E-02
4.770	1.391146E-02
4.780	1.386782E-02
4.790	1.382442E-02
4.800	1.378124E-02
4.810	1.373829E-02
4.820	1.369555E-02
4.830	1.365304E-02
4.840	1.361075E-02
4.850	1.356868E-02
4.860	1.352682E-02
4.870	1.348518E-02
4.880	1.344375E-02
4.890	1.340253E-02
4.900	1.336153E-02
4.910	1.332073E-02
4.920	1.328014E-02
4.930	1.323975E-02
4.940	1.319957E-02
4.950	1.315959E-02
4.960	1.311981E-02
4.970	1.308024E-02
4.980	1.304086E-02
4.990	1.300168E-02
5.000	1.296269E-02
5.100	1.258331E-02
5.200	1.222208E-02
5.300	1.187781E-02
5.400	1.154940E-02
5.500	1.123586E-02
5.600	1.093624E-02
5.700	1.064971E-02
5.800	1.037548E-02
5.900	1.011282E-02
6.000	9.861053E-03
6.100	9.619565E-03
6.200	9.387774E-03
6.300	9.165145E-03
6.400	8.951178E-03
6.500	8.745409E-03
6.600	8.547405E-03
6.700	8.356761E-03
6.800	8.173100E-03
6.900	7.996069E-03
7.000	7.825338E-03
7.100	7.660598E-03
7.200	7.501557E-03
7.300	7.347945E-03
7.400	7.199504E-03
7.500	7.055995E-03
7.600	6.917191E-03
7.700	6.782879E-03
7.800	6.652858E-03
7.900	6.526939E-03
8.000	6.404942E-03
8.100	6.286699E-03
8.200	6.172049E-03
8.300	6.060843E-03
8.400	5.952936E-03
8.500	5.848194E-03
8.600	5.746488E-03
8.700	5.647696E-03
8.800	5.551702E-03
8.900	5.458398E-03
9.000	5.367677E-03
9.100	5.279443E-03
9.200	5.193599E-03
9.300	5.110057E-03
9.400	5.028731E-03
9.500	4.949539E-03
9.600	4.872404E-03
9.700	4.797252E-03
9.800	4.724013E-03
9.900	4.652618E-03
10.000	4.583003E-03