0.001	6.300566E+03
0.002	1.685785E+03
0.003	7.791272E+02
0.004	4.504062E+02
0.005	2.943438E+02
0.006	2.078692E+02
0.007	1.548712E+02
0.008	1.199957E+02
0.009	9.579778E+01
0.010	7.830614E+01
0.020	2.068400E+01
0.030	9.437501E+00
0.040	5.386035E+00
0.050	3.474849E+00
0.060	2.422632E+00
0.070	1.781904E+00
0.080	1.362998E+00
0.090	1.074240E+00
0.100	8.668779E-01
0.110	7.130297E-01
0.120	5.958064E-01
0.130	5.044904E-01
0.140	4.320140E-01
0.150	3.735627E-01
0.160	3.257652E-01
0.170	2.862039E-01
0.180	2.531084E-01
0.190	2.251584E-01
0.200	2.013534E-01
0.210	1.809235E-01
0.220	1.632692E-01
0.230	1.479178E-01
0.240	1.344924E-01
0.250	1.226899E-01
0.260	1.122642E-01
0.270	1.030138E-01
0.280	9.477242E-02
0.290	8.740209E-02
0.300	8.078736E-02
0.310	7.483114E-02
0.320	6.945131E-02
0.330	6.457801E-02
0.340	6.015158E-02
0.350	5.612075E-02
0.360	5.244134E-02
0.370	4.907509E-02
0.380	4.598872E-02
0.390	4.315322E-02
0.400	4.054317E-02
0.410	3.813627E-02
0.420	3.591283E-02
0.430	3.385548E-02
0.440	3.194882E-02
0.450	3.017914E-02
0.460	2.853426E-02
0.470	2.700327E-02
0.480	2.557642E-02
0.490	2.424495E-02
0.500	2.300100E-02
0.510	2.183746E-02
0.520	2.074794E-02
0.530	1.972663E-02
0.540	1.876829E-02
0.550	1.786815E-02
0.560	1.702187E-02
0.570	1.622550E-02
0.580	1.547543E-02
0.590	1.476838E-02
0.600	1.410133E-02
0.610	1.347152E-02
0.620	1.287641E-02
0.630	1.231368E-02
0.640	1.178118E-02
0.650	1.127694E-02
0.660	1.079913E-02
0.670	1.034608E-02
0.680	9.916239E-03
0.690	9.508159E-03
0.700	9.120512E-03
0.710	8.752063E-03
0.720	8.401665E-03
0.730	8.068252E-03
0.740	7.750834E-03
0.750	7.448487E-03
0.760	7.160353E-03
0.770	6.885630E-03
0.780	6.623570E-03
0.790	6.373473E-03
0.800	6.134688E-03
0.810	5.906602E-03
0.820	5.688643E-03
0.830	5.480276E-03
0.840	5.280998E-03
0.850	5.090336E-03
0.860	4.907849E-03
0.870	4.733119E-03
0.880	4.565756E-03
0.890	4.405392E-03
0.900	4.251680E-03
0.910	4.104295E-03
0.920	3.962927E-03
0.930	3.827288E-03
0.940	3.697104E-03
0.950	3.572116E-03
0.960	3.452080E-03
0.970	3.336765E-03
0.980	3.225954E-03
0.990	3.119440E-03
1.000	3.017028E-03
1.010	2.918532E-03
1.020	2.823778E-03
1.030	2.732599E-03
1.040	2.644838E-03
1.050	2.560346E-03
1.060	2.478979E-03
1.070	2.400605E-03
1.080	2.325094E-03
1.090	2.252325E-03
1.100	2.182183E-03
1.110	2.114557E-03
1.120	2.049343E-03
1.130	1.986441E-03
1.140	1.925756E-03
1.150	1.867198E-03
1.160	1.810680E-03
1.170	1.756122E-03
1.180	1.703444E-03
1.190	1.652571E-03
1.200	1.603433E-03
1.210	1.555961E-03
1.220	1.510091E-03
1.230	1.465760E-03
1.240	1.422909E-03
1.250	1.381482E-03
1.260	1.341423E-03
1.270	1.302756E-03
1.280	1.265494E-03
1.290	1.229575E-03
1.300	1.194941E-03
1.310	1.161537E-03
1.320	1.129311E-03
1.330	1.098211E-03
1.340	1.068192E-03
1.350	1.039207E-03
1.360	1.011214E-03
1.370	9.841716E-04
1.380	9.580414E-04
1.390	9.327863E-04
1.400	9.083708E-04
1.410	8.847615E-04
1.420	8.619261E-04
1.430	8.398342E-04
1.440	8.184567E-04
1.450	7.977656E-04
1.460	7.777345E-04
1.470	7.583379E-04
1.480	7.395517E-04
1.490	7.213528E-04
1.500	7.037190E-04
1.510	6.866291E-04
1.520	6.700630E-04
1.530	6.540013E-04
1.540	6.384255E-04
1.550	6.233179E-04
1.560	6.086616E-04
1.570	5.944402E-04
1.580	5.806383E-04
1.590	5.672409E-04
1.600	5.542338E-04
1.610	5.416031E-04
1.620	5.293359E-04
1.630	5.174195E-04
1.640	5.058418E-04
1.650	4.945911E-04
1.660	4.836565E-04
1.670	4.730270E-04
1.680	4.626926E-04
1.690	4.526433E-04
1.700	4.428696E-04
1.710	4.333625E-04
1.720	4.241131E-04
1.730	4.151130E-04
1.740	4.063541E-04
1.750	3.978287E-04
1.760	3.895292E-04
1.770	3.814484E-04
1.780	3.735794E-04
1.790	3.659154E-04
1.800	3.584500E-04
1.810	3.511771E-04
1.820	3.440906E-04
1.830	3.371847E-04
1.840	3.304540E-04
1.850	3.238930E-04
1.860	3.174966E-04
1.870	3.112598E-04
1.880	3.051778E-04
1.890	2.992459E-04
1.900	2.934598E-04
1.910	2.878150E-04
1.920	2.823075E-04
1.930	2.769331E-04
1.940	2.716880E-04
1.950	2.665685E-04
1.960	2.615709E-04
1.970	2.566917E-04
1.980	2.519276E-04
1.990	2.472752E-04
2.000	2.427314E-04
2.010	2.382931E-04
2.020	2.339574E-04
2.030	2.297215E-04
2.040	2.255824E-04
2.050	2.215377E-04
2.060	2.175846E-04
2.070	2.137207E-04
2.080	2.099436E-04
2.090	2.062508E-04
2.100	2.026402E-04
2.110	1.991094E-04
2.120	1.956565E-04
2.130	1.922792E-04
2.140	1.889757E-04
2.150	1.857439E-04
2.160	1.825820E-04
2.170	1.794882E-04
2.180	1.764607E-04
2.190	1.734977E-04
2.200	1.705976E-04
2.210	1.677589E-04
2.220	1.649799E-04
2.230	1.622590E-04
2.240	1.595950E-04
2.250	1.569862E-04
2.260	1.544314E-04
2.270	1.519292E-04
2.280	1.494782E-04
2.290	1.470773E-04
2.300	1.447251E-04
2.310	1.424205E-04
2.320	1.401623E-04
2.330	1.379495E-04
2.340	1.357808E-04
2.350	1.336552E-04
2.360	1.315717E-04
2.370	1.295293E-04
2.380	1.275270E-04
2.390	1.255639E-04
2.400	1.236390E-04
2.410	1.217514E-04
2.420	1.199002E-04
2.430	1.180847E-04
2.440	1.163040E-04
2.450	1.145572E-04
2.460	1.128436E-04
2.470	1.111625E-04
2.480	1.095130E-04
2.490	1.078945E-04
2.500	1.063063E-04
2.510	1.047476E-04
2.520	1.032179E-04
2.530	1.017164E-04
2.540	1.002426E-04
2.550	9.879575E-05
2.560	9.737535E-05
2.570	9.598080E-05
2.580	9.461152E-05
2.590	9.326695E-05
2.600	9.194657E-05
2.610	9.064984E-05
2.620	8.937625E-05
2.630	8.812531E-05
2.640	8.689652E-05
2.650	8.568942E-05
2.660	8.450353E-05
2.670	8.333842E-05
2.680	8.219363E-05
2.690	8.106875E-05
2.700	7.996335E-05
2.710	7.887703E-05
2.720	7.780938E-05
2.730	7.676003E-05
2.740	7.572858E-05
2.750	7.471468E-05
2.760	7.371796E-05
2.770	7.273807E-05
2.780	7.177466E-05
2.790	7.082741E-05
2.800	6.989598E-05
2.810	6.898005E-05
2.820	6.807932E-05
2.830	6.719348E-05
2.840	6.632222E-05
2.850	6.546527E-05
2.860	6.462233E-05
2.870	6.379313E-05
2.880	6.297740E-05
2.890	6.217487E-05
2.900	6.138529E-05
2.910	6.060840E-05
2.920	5.984397E-05
2.930	5.909173E-05
2.940	5.835147E-05
2.950	5.762295E-05
2.960	5.690594E-05
2.970	5.620022E-05
2.980	5.550559E-05
2.990	5.482183E-05
3.000	5.414873E-05
3.010	5.348609E-05
3.020	5.283372E-05
3.030	5.219143E-05
3.040	5.155902E-05
3.050	5.093631E-05
3.060	5.032313E-05
3.070	4.971929E-05
3.080	4.912463E-05
3.090	4.853897E-05
3.100	4.796215E-05
3.110	4.739401E-05
3.120	4.683440E-05
3.130	4.628315E-05
3.140	4.574011E-05
3.150	4.520514E-05
3.160	4.467810E-05
3.170	4.415884E-05
3.180	4.364722E-05
3.190	4.314310E-05
3.200	4.264636E-05
3.210	4.215686E-05
3.220	4.167448E-05
3.230	4.119909E-05
3.240	4.073056E-05
3.250	4.026878E-05
3.260	3.981363E-05
3.270	3.936500E-05
3.280	3.892277E-05
3.290	3.848683E-05
3.300	3.805707E-05
3.310	3.763339E-05
3.320	3.721568E-05
3.330	3.680385E-05
3.340	3.639779E-05
3.350	3.599740E-05
3.360	3.560259E-05
3.370	3.521326E-05
3.380	3.482933E-05
3.390	3.445070E-05
3.400	3.407728E-05
3.410	3.370899E-05
3.420	3.334574E-05
3.430	3.298744E-05
3.440	3.263403E-05
3.450	3.228541E-05
3.460	3.194150E-05
3.470	3.160224E-05
3.480	3.126754E-05
3.490	3.093733E-05
3.500	3.061154E-05
3.510	3.029009E-05
3.520	2.997292E-05
3.530	2.965996E-05
3.540	2.935113E-05
3.550	2.904638E-05
3.560	2.874564E-05
3.570	2.844884E-05
3.580	2.815592E-05
3.590	2.786682E-05
3.600	2.758149E-05
3.610	2.729985E-05
3.620	2.702186E-05
3.630	2.674745E-05
3.640	2.647657E-05
3.650	2.620917E-05
3.660	2.594519E-05
3.670	2.568458E-05
3.680	2.542728E-05
3.690	2.517325E-05
3.700	2.492244E-05
3.710	2.467479E-05
3.720	2.443026E-05
3.730	2.418880E-05
3.740	2.395036E-05
3.750	2.371490E-05
3.760	2.348237E-05
3.770	2.325273E-05
3.780	2.302593E-05
3.790	2.280194E-05
3.800	2.258071E-05
3.810	2.236220E-05
3.820	2.214637E-05
3.830	2.193317E-05
3.840	2.172258E-05
3.850	2.151455E-05
3.860	2.130904E-05
3.870	2.110602E-05
3.880	2.090545E-05
3.890	2.070730E-05
3.900	2.051152E-05
3.910	2.031809E-05
3.920	2.012697E-05
3.930	1.993813E-05
3.940	1.975154E-05
3.950	1.956715E-05
3.960	1.938495E-05
3.970	1.920490E-05
3.980	1.902697E-05
3.990	1.885112E-05
4.000	1.867734E-05
4.010	1.850558E-05
4.020	1.833583E-05
4.030	1.816805E-05
4.040	1.800221E-05
4.050	1.783829E-05
4.060	1.767627E-05
4.070	1.751611E-05
4.080	1.735779E-05
4.090	1.720128E-05
4.100	1.704656E-05
4.110	1.689360E-05
4.120	1.674238E-05
4.130	1.659288E-05
4.140	1.644507E-05
4.150	1.629892E-05
4.160	1.615443E-05
4.170	1.601155E-05
4.180	1.587028E-05
4.190	1.573059E-05
4.200	1.559246E-05
4.210	1.545586E-05
4.220	1.532078E-05
4.230	1.518719E-05
4.240	1.505509E-05
4.250	1.492443E-05
4.260	1.479522E-05
4.270	1.466742E-05
4.280	1.454102E-05
4.290	1.441601E-05
4.300	1.429235E-05
4.310	1.417004E-05
4.320	1.404905E-05
4.330	1.392938E-05
4.340	1.381099E-05
4.350	1.369388E-05
4.360	1.357803E-05
4.370	1.346343E-05
4.380	1.335004E-05
4.390	1.323787E-05
4.400	1.312689E-05
4.410	1.301710E-05
4.420	1.290846E-05
4.430	1.280098E-05
4.440	1.269463E-05
4.450	1.258940E-05
4.460	1.248527E-05
4.470	1.238224E-05
4.480	1.228028E-05
4.490	1.217939E-05
4.500	1.207955E-05
4.510	1.198074E-05
4.520	1.188296E-05
4.530	1.178619E-05
4.540	1.169042E-05
4.550	1.159564E-05
4.560	1.150183E-05
4.570	1.140898E-05
4.580	1.131709E-05
4.590	1.122613E-05
4.600	1.113610E-05
4.610	1.104698E-05
4.620	1.095876E-05
4.630	1.087144E-05
4.640	1.078501E-05
4.650	1.069944E-05
4.660	1.061473E-05
4.670	1.053087E-05
4.680	1.044786E-05
4.690	1.036567E-05
4.700	1.028430E-05
4.710	1.020374E-05
4.720	1.012399E-05
4.730	1.004502E-05
4.740	9.966830E-06
4.750	9.889414E-06
4.760	9.812760E-06
4.770	9.736860E-06
4.780	9.661703E-06
4.790	9.587282E-06
4.800	9.513588E-06
4.810	9.440612E-06
4.820	9.368345E-06
4.830	9.296779E-06
4.840	9.225907E-06
4.850	9.155720E-06
4.860	9.086209E-06
4.870	9.017367E-06
4.880	8.949187E-06
4.890	8.881660E-06
4.900	8.814779E-06
4.910	8.748536E-06
4.920	8.682925E-06
4.930	8.617937E-06
4.940	8.553566E-06
4.950	8.489804E-06
4.960	8.426645E-06
4.970	8.364082E-06
4.980	8.302107E-06
4.990	8.240715E-06
5.000	8.179898E-06
5.100	7.601989E-06
5.200	7.074969E-06
5.300	6.593503E-06
5.400	6.152902E-06
5.500	5.749035E-06
5.600	5.378253E-06
5.700	5.037325E-06
5.800	4.723385E-06
5.900	4.433885E-06
6.000	4.166557E-06
6.100	3.919372E-06
6.200	3.690521E-06
6.300	3.478379E-06
6.400	3.281489E-06
6.500	3.098543E-06
6.600	2.928359E-06
6.700	2.769875E-06
6.800	2.622128E-06
6.900	2.484250E-06
7.000	2.355451E-06
7.100	2.235018E-06
7.200	2.122300E-06
7.300	2.016705E-06
7.400	1.917695E-06
7.500	1.824779E-06
7.600	1.737507E-06
7.700	1.655470E-06
7.800	1.578290E-06
7.900	1.505625E-06
8.000	1.437156E-06
8.100	1.372595E-06
8.200	1.311673E-06
8.300	1.254146E-06
8.400	1.199785E-06
8.500	1.148383E-06
8.600	1.099747E-06
8.700	1.053697E-06
8.800	1.010069E-06
8.900	9.687102E-07
9.000	9.294791E-07
9.100	8.922443E-07
9.200	8.568838E-07
9.300	8.232846E-07
9.400	7.913413E-07
9.500	7.609560E-07
9.600	7.320375E-07
9.700	7.045008E-07
9.800	6.782666E-07
9.900	6.532609E-07
10.000	6.294147E-07