1	4.400000E-06
1.097498765	4.009116E-06
1.20450354	3.652957E-06
1.321941148	3.328439E-06
1.450828778	3.032749E-06
1.592282793	2.763328E-06
1.7475284	2.517842E-06
1.917910262	2.294164E-06
2.104904145	2.090356E-06
2.3101297	1.904655E-06
2.535364494	1.735451E-06
2.782559402	1.581278E-06
3.053855509	1.440802E-06
3.351602651	1.312805E-06
3.678379772	1.196179E-06
4.037017259	1.089914E-06
4.430621458	9.930887E-07
4.86260158	9.048654E-07
5.336699231	8.244797E-07
5.857020818	7.512352E-07
6.428073117	6.844975E-07
7.054802311	6.236886E-07
7.742636827	5.682819E-07
8.497534359	5.177973E-07
9.326033469	4.717976E-07
10.23531022	4.298844E-07
11.23324033	3.916946E-07
12.32846739	3.568976E-07
13.53047775	3.251918E-07
14.84968262	2.963026E-07
16.29750835	2.699799E-07
17.88649529	2.459956E-07
19.6304065	2.241421E-07
21.5443469	2.042299E-07
23.64489413	1.860867E-07
25.95024211	1.695553E-07
28.48035868	1.544924E-07
31.2571585	1.407678E-07
34.30469286	1.282623E-07
37.64935807	1.168679E-07
41.320124	1.064856E-07
45.34878508	9.702575E-08
49.77023564	8.840625E-08
54.62277218	8.055248E-08
59.94842503	7.339642E-08
65.79332247	6.687609E-08
72.20809018	6.093500E-08
79.24828984	5.552170E-08
86.97490026	5.058931E-08
95.45484567	4.609509E-08
104.7615753	4.463344E-08
114.9756995	4.410358E-08
126.1856883	4.293072E-08
138.4886371	4.122031E-08
151.9911083	3.908604E-08
166.8100537	3.664148E-08
183.073828	3.399361E-08
200.9233003	3.123841E-08
220.513074	2.845825E-08
242.0128265	2.572075E-08
265.6087783	2.307893E-08
291.5053063	2.057206E-08
319.9267138	1.822722E-08
351.1191734	1.606096E-08
385.3528594	1.408120E-08
422.9242874	1.228896E-08
464.1588834	1.068001E-08
509.4138015	9.246290E-09
559.0810183	7.977144E-09
613.5907273	6.860308E-09
673.4150658	5.882698E-09
739.0722034	5.031024E-09
811.1308308	4.292236E-09
890.2150854	3.653843E-09
977.0099573	3.104123E-09
1072.267222	2.632251E-09
1176.811952	2.228357E-09
1291.549665	1.883540E-09
1417.474163	1.589849E-09
1555.676144	1.340235E-09
1707.352647	1.128491E-09
1873.817423	9.491880E-10
2056.512308	7.975966E-10
2257.01972	6.696197E-10
2477.076356	5.617210E-10
2718.588243	4.708595E-10
2983.64724	3.944285E-10
3274.549163	3.302000E-10
3593.813664	2.762747E-10
3944.206059	2.310371E-10
4328.761281	1.931161E-10
4750.810162	1.613500E-10
5214.008288	1.347564E-10
5722.367659	1.125058E-10
6280.291442	9.389848E-11
6892.612104	7.834531E-11
7564.633276	6.535058E-11
8302.175681	5.449769E-11
9111.627561	4.543687E-11
10000	3.787468E-11